a <- 10
b <- 3

a + b  # 13
a - b  # 7
a * b  # 30
a / b  # 3.333333
a ^ b  # 1000
a %% b # 1
a %/% b # 3
